name: detectron2
channels:
  - pytorch
  - anaconda
  - conda-forge
  - defaults
dependencies:
  - blas=1.0=mkl
  - bottleneck=1.3.4=py38h080aedc_0
  - bzip2=1.0.8=h8ffe710_4
  - ca-certificates=2022.4.26=haa95532_0
  - cudatoolkit=11.0.3=h3f58a73_10
  - freetype=2.10.4=h546665d_1
  - git=2.35.3=h57928b3_0
  - hdf5=1.10.4=h7ebc959_0
  - icc_rt=2019.0.0=h0cc432a_1
  - intel-openmp=2021.4.0=haa95532_3556
  - jpeg=9b=vc14h4d7706e_1
  - libffi=3.4.2=h8ffe710_5
  - libopencv=4.0.1=hbb9e17c_0
  - libpng=1.6.37=h1d00b33_2
  - libtiff=4.2.0=hd0e1b90_0
  - libuv=1.43.0=h8ffe710_0
  - libwebp=1.2.2=h57928b3_0
  - libwebp-base=1.2.2=h8ffe710_1
  - libzlib=1.2.12=h8ffe710_1
  - lz4-c=1.9.2=h62dcd97_2
  - m2w64-gcc-libgfortran=5.3.0=6
  - m2w64-gcc-libs=5.3.0=7
  - m2w64-gcc-libs-core=5.3.0=7
  - m2w64-gmp=6.1.0=2
  - m2w64-libwinpthread-git=5.0.0.4634.697f757=2
  - mkl=2021.4.0=haa95532_640
  - mkl-include=2022.1.0=h6a75c08_874
  - mkl-service=2.4.0=py38h2bbff1b_0
  - mkl_fft=1.3.1=py38h277e83a_0
  - mkl_random=1.2.2=py38hf11a4ad_0
  - msys2-conda-epoch=20160418=1
  - ninja=1.11.0=h2d74725_0
  - numexpr=2.8.1=py38hb80d3ca_2
  - numpy=1.22.3=py38h7a0a035_0
  - numpy-base=1.22.3=py38hca35cd5_0
  - opencv=4.0.1=py38h2a7c758_0
  - openssl=3.0.4=h8ffe710_0
  - packaging=21.3=pyhd3eb1b0_0
  - pandas=1.4.2=py38hd77b12b_0
  - pillow=9.0.1=py38hdc2b20a_0
  - pip=22.1.2=pyhd8ed1ab_0
  - py-opencv=4.0.1=py38he44ac1e_0
  - python=3.8.13=hcf16a7b_0_cpython
  - python-dateutil=2.8.2=pyhd3eb1b0_0
  - python_abi=3.8=2_cp38
  - pytorch=1.7.1=py3.8_cuda110_cudnn8_0
  - pytz=2022.1=py38haa95532_0
  - pywin32=303=py38h294d835_0
  - setuptools=62.6.0=py38haa244fe_0
  - six=1.16.0=pyhd3eb1b0_1
  - sqlite=3.38.5=h8ffe710_0
  - tbb=2021.5.0=h2d74725_1
  - tk=8.6.12=h8ffe710_0
  - torchvision=0.8.2=py38_cu110
  - typing_extensions=4.2.0=pyha770c72_1
  - ucrt=10.0.20348.0=h57928b3_0
  - vc=14.2=hb210afc_6
  - vs2015_runtime=14.29.30037=h902a5da_6
  - wheel=0.37.1=pyhd8ed1ab_0
  - xz=5.2.5=h62dcd97_1
  - zlib=1.2.12=h8ffe710_1
  - zstd=1.4.5=h1f3a1b7_2
  - pip:
    - absl-py==1.1.0
    - cachetools==5.2.0
    - certifi==2022.6.15
    - charset-normalizer==2.0.12
    - cloudpickle==2.1.0
    - colorama==0.4.5
    - cycler==0.11.0
    - detectron2==0.3
    - fonttools==4.33.3
    - future==0.18.2
    - fvcore==0.1.5.post20220512
    - google-auth==2.8.0
    - google-auth-oauthlib==0.4.6
    - grpcio==1.47.0
    - idna==3.3
    - importlib-metadata==4.11.4
    - iopath==0.1.9
    - kiwisolver==1.4.3
    - markdown==3.3.7
    - matplotlib==3.5.2
    - oauthlib==3.2.0
    - portalocker==2.4.0
    - protobuf==3.19.4
    - pyasn1==0.4.8
    - pyasn1-modules==0.2.8
    - pycocotools==2.0.4
    - pydot==1.4.2
    - pyparsing==3.0.9
    - pyyaml==6.0
    - requests==2.28.0
    - requests-oauthlib==1.3.1
    - rsa==4.8
    - tabulate==0.8.10
    - tensorboard==2.9.1
    - tensorboard-data-server==0.6.1
    - tensorboard-plugin-wit==1.8.1
    - termcolor==1.1.0
    - tqdm==4.64.0
    - urllib3==1.26.9
    - werkzeug==2.1.2
    - yacs==0.1.8
    - zipp==3.8.0
prefix: C:\Users\max24\anaconda3\envs\detectron2
